frame 1:(194, 258), (177, 267), (131, 241), (118, 168), (119, 71), (130, 257), (113, 95)
frame 2:(194, 258), (177, 267), (131, 241), (119, 168), (119, 71), (130, 257), (113, 95)
frame 3:(194, 258), (177, 267), (131, 241), (119, 168), (120, 71), (130, 257), (114, 95)
frame 4:(194, 258), (177, 267), (131, 241), (119, 168), (120, 71), (130, 257), (114, 95)
frame 5:(194, 258), (177, 267), (131, 241), (119, 168), (121, 71), (130, 257), (115, 95)
frame 6:(194, 258), (177, 267), (131, 241), (119, 168), (121, 71), (130, 257), (115, 95)
frame 7:(194, 258), (177, 267), (131, 241), (120, 168), (122, 71), (130, 257), (115, 95)
frame 8:(194, 258), (177, 267), (131, 241), (120, 168), (122, 71), (130, 257), (116, 95)
frame 9:(194, 258), (177, 267), (131, 241), (120, 168), (123, 71), (130, 257), (116, 95)
frame 10:(194, 258), (177, 267), (131, 241), (120, 168), (123, 71), (130, 257), (116, 95)
frame 11:(194, 258), (177, 267), (131, 241), (120, 168), (123, 71), (130, 257), (117, 95)
frame 12:(194, 258), (177, 267), (131, 241), (120, 168), (124, 71), (130, 257), (117, 95)
frame 13:(194, 258), (177, 267), (131, 241), (121, 168), (124, 71), (130, 257), (117, 95)
frame 14:(194, 258), (177, 267), (132, 241), (121, 168), (124, 71), (130, 257), (117, 95)
frame 15:(194, 258), (177, 267), (131, 241), (121, 168), (124, 70), (130, 257), (118, 95)
frame 16:(194, 258), (177, 267), (132, 241), (121, 168), (125, 71), (130, 257), (118, 95)
frame 17:(194, 258), (177, 267), (131, 241), (121, 168), (125, 71), (130, 257), (118, 95)
frame 18:(194, 258), (177, 267), (132, 241), (121, 168), (126, 71), (130, 257), (118, 95)
frame 19:(194, 259), (177, 267), (132, 241), (122, 168), (126, 71), (130, 257), (119, 95)
frame 20:(194, 259), (177, 267), (132, 241), (122, 168), (126, 71), (130, 257), (119, 95)
frame 21:(194, 259), (177, 268), (132, 241), (122, 168), (126, 71), (130, 257), (119, 95)
frame 22:(194, 259), (177, 267), (132, 241), (122, 169), (127, 71), (130, 257), (120, 95)
frame 23:(194, 259), (177, 267), (132, 241), (122, 169), (127, 71), (130, 257), (120, 95)
frame 24:(194, 259), (177, 267), (132, 242), (122, 169), (127, 71), (130, 257), (120, 95)
frame 25:(194, 259), (177, 268), (132, 242), (122, 169), (127, 71), (130, 257), (120, 95)
frame 26:(194, 259), (177, 268), (132, 242), (123, 169), (128, 71), (130, 257), (120, 95)
frame 27:(194, 259), (177, 268), (132, 242), (123, 169), (128, 71), (130, 257), (121, 95)
frame 28:(194, 259), (177, 268), (132, 242), (123, 169), (128, 71), (130, 258), (121, 95)
frame 29:(194, 259), (177, 268), (132, 242), (123, 169), (128, 71), (130, 258), (121, 95)
frame 30:(194, 259), (177, 268), (132, 242), (123, 169), (129, 71), (130, 258), (121, 95)
frame 31:(194, 259), (177, 268), (132, 242), (123, 169), (129, 71), (130, 258), (122, 95)
frame 32:(195, 259), (177, 268), (132, 242), (123, 169), (129, 72), (130, 258), (122, 96)
frame 33:(194, 259), (177, 268), (132, 242), (123, 169), (129, 72), (130, 258), (122, 96)
frame 34:(194, 259), (177, 268), (132, 242), (123, 169), (130, 72), (130, 258), (122, 96)
frame 35:(194, 259), (177, 268), (132, 242), (124, 169), (130, 72), (130, 258), (123, 96)
frame 36:(194, 259), (177, 268), (132, 242), (124, 169), (131, 72), (130, 258), (123, 96)
frame 37:(194, 259), (177, 268), (132, 242), (124, 169), (131, 72), (130, 258), (123, 96)
frame 38:(194, 259), (177, 268), (132, 242), (124, 169), (131, 72), (130, 258), (123, 96)
frame 39:(194, 259), (177, 268), (132, 242), (124, 169), (131, 72), (130, 258), (124, 96)
frame 40:(194, 259), (177, 268), (132, 242), (124, 170), (132, 72), (130, 258), (124, 96)
frame 41:(194, 259), (177, 268), (132, 242), (124, 169), (132, 72), (130, 258), (125, 96)
frame 42:(194, 259), (177, 268), (132, 242), (125, 170), (133, 72), (130, 258), (125, 96)
frame 43:(194, 259), (177, 268), (132, 242), (125, 170), (133, 72), (130, 258), (125, 96)
frame 44:(194, 259), (177, 268), (132, 242), (125, 170), (134, 72), (130, 258), (126, 96)
frame 45:(194, 259), (177, 268), (132, 242), (125, 170), (134, 72), (130, 258), (126, 96)
frame 46:(194, 259), (177, 268), (132, 242), (125, 170), (134, 72), (130, 258), (126, 96)
frame 47:(194, 259), (177, 268), (132, 242), (126, 170), (135, 72), (130, 258), (127, 96)
frame 48:(195, 259), (177, 268), (132, 242), (126, 170), (135, 72), (130, 258), (127, 96)
frame 49:(195, 259), (177, 268), (132, 242), (126, 170), (136, 72), (130, 258), (128, 96)
frame 50:(195, 259), (177, 268), (132, 242), (126, 170), (136, 72), (130, 258), (128, 96)
frame 51:(195, 259), (177, 268), (132, 242), (127, 170), (137, 72), (130, 258), (128, 96)
frame 52:(195, 259), (177, 267), (132, 242), (127, 170), (137, 72), (130, 258), (129, 96)
frame 53:(195, 259), (177, 267), (132, 242), (127, 170), (138, 72), (130, 258), (129, 96)
frame 54:(195, 259), (177, 267), (132, 242), (127, 170), (138, 72), (130, 258), (129, 96)
frame 55:(195, 259), (177, 267), (132, 242), (127, 170), (138, 72), (130, 258), (130, 96)
frame 56:(195, 259), (177, 267), (132, 242), (127, 170), (139, 72), (130, 258), (130, 96)
frame 57:(195, 259), (177, 267), (132, 242), (128, 170), (139, 73), (130, 257), (130, 97)
frame 58:(195, 259), (177, 267), (132, 242), (128, 170), (140, 72), (130, 258), (131, 97)
frame 59:(195, 259), (177, 267), (132, 242), (128, 170), (140, 73), (130, 258), (131, 97)
frame 60:(195, 259), (177, 267), (132, 242), (128, 170), (140, 73), (130, 258), (131, 97)
frame 61:(195, 259), (177, 267), (132, 242), (128, 170), (141, 73), (130, 258), (132, 97)
frame 62:(195, 259), (177, 267), (132, 242), (128, 170), (141, 73), (130, 258), (132, 97)
frame 63:(195, 259), (177, 267), (132, 242), (129, 170), (141, 73), (130, 258), (132, 97)
frame 64:(195, 259), (177, 267), (132, 242), (129, 170), (142, 73), (130, 258), (133, 97)
frame 65:(195, 259), (177, 267), (132, 242), (129, 170), (142, 73), (130, 258), (133, 97)
frame 66:(195, 259), (177, 267), (132, 242), (129, 170), (142, 73), (130, 257), (133, 97)
frame 67:(195, 259), (177, 267), (132, 242), (130, 170), (143, 73), (130, 257), (134, 97)
frame 68:(195, 259), (177, 267), (132, 242), (130, 170), (143, 73), (130, 257), (134, 97)
frame 69:(195, 259), (177, 267), (132, 242), (130, 170), (144, 73), (130, 257), (134, 97)
frame 70:(195, 259), (177, 267), (132, 242), (130, 170), (144, 73), (130, 257), (135, 97)
frame 71:(195, 259), (177, 267), (132, 242), (130, 170), (144, 73), (130, 257), (135, 97)
frame 72:(195, 259), (177, 267), (132, 242), (130, 170), (145, 73), (130, 257), (135, 97)
frame 73:(195, 259), (177, 267), (133, 242), (131, 170), (145, 73), (130, 257), (136, 97)
frame 74:(195, 259), (177, 267), (132, 242), (131, 170), (145, 74), (130, 257), (136, 97)
frame 75:(195, 259), (177, 267), (132, 242), (131, 171), (146, 74), (130, 257), (136, 97)
frame 76:(195, 259), (177, 267), (132, 242), (131, 171), (146, 74), (130, 257), (136, 97)
frame 77:(195, 259), (177, 267), (132, 242), (131, 171), (146, 74), (130, 257), (137, 97)
frame 78:(195, 259), (177, 267), (132, 242), (132, 171), (147, 74), (130, 257), (137, 97)
frame 79:(195, 259), (177, 267), (132, 242), (132, 171), (147, 74), (130, 257), (137, 97)
frame 80:(195, 259), (177, 267), (132, 242), (132, 171), (147, 74), (130, 257), (138, 98)
frame 81:(195, 259), (177, 267), (132, 242), (132, 171), (148, 74), (130, 257), (138, 98)
frame 82:(195, 259), (177, 267), (133, 242), (132, 171), (148, 74), (130, 257), (138, 98)
frame 83:(195, 259), (177, 267), (133, 242), (132, 171), (148, 74), (130, 257), (139, 98)
frame 84:(195, 259), (177, 267), (132, 242), (132, 171), (149, 74), (130, 257), (139, 98)
frame 85:(195, 259), (177, 267), (132, 242), (133, 171), (149, 74), (130, 258), (139, 98)
frame 86:(195, 259), (177, 267), (133, 242), (133, 171), (149, 74), (130, 258), (140, 98)
frame 87:(195, 259), (177, 267), (133, 242), (133, 171), (150, 75), (130, 258), (140, 98)
frame 88:(195, 259), (177, 267), (133, 242), (133, 171), (150, 75), (130, 258), (140, 98)
frame 89:(195, 259), (177, 267), (133, 242), (133, 171), (150, 75), (130, 258), (140, 98)
frame 90:(195, 259), (177, 268), (133, 242), (133, 171), (151, 75), (130, 258), (141, 98)
frame 91:(195, 259), (177, 268), (133, 242), (133, 171), (151, 75), (130, 258), (141, 98)
frame 92:(195, 259), (177, 268), (133, 242), (133, 171), (151, 75), (130, 258), (141, 98)
frame 93:(195, 259), (177, 268), (133, 242), (134, 171), (152, 75), (130, 258), (142, 98)
frame 94:(194, 259), (177, 268), (133, 242), (134, 171), (152, 75), (130, 258), (142, 98)
frame 95:(194, 259), (177, 268), (133, 242), (134, 171), (152, 75), (130, 258), (142, 98)
frame 96:(195, 259), (177, 268), (133, 243), (134, 171), (153, 75), (130, 258), (143, 99)
frame 97:(195, 259), (177, 268), (133, 243), (134, 171), (153, 75), (130, 258), (143, 99)
frame 98:(195, 259), (177, 268), (133, 243), (135, 172), (154, 75), (130, 258), (143, 99)
frame 99:(195, 259), (177, 268), (133, 243), (135, 172), (154, 75), (130, 258), (144, 99)
frame 100:(195, 259), (177, 268), (133, 242), (135, 172), (154, 75), (130, 258), (144, 99)
frame 101:(195, 259), (177, 268), (133, 242), (135, 172), (155, 76), (130, 258), (144, 99)
frame 102:(195, 259), (177, 268), (133, 242), (135, 172), (155, 76), (130, 258), (145, 99)
frame 103:(195, 259), (177, 268), (133, 242), (135, 172), (155, 76), (130, 258), (145, 99)
frame 104:(195, 259), (177, 268), (133, 242), (135, 172), (155, 76), (130, 258), (145, 99)
frame 105:(195, 259), (177, 268), (133, 243), (135, 172), (156, 76), (130, 258), (145, 99)
frame 106:(195, 259), (177, 268), (133, 243), (136, 172), (156, 76), (130, 258), (146, 99)
frame 107:(195, 259), (177, 268), (133, 243), (136, 172), (157, 76), (130, 258), (146, 99)
frame 108:(195, 259), (177, 268), (133, 243), (136, 172), (157, 76), (130, 258), (146, 99)
frame 109:(195, 260), (177, 268), (133, 243), (136, 172), (157, 76), (130, 258), (147, 99)
frame 110:(195, 260), (177, 268), (133, 242), (136, 172), (157, 76), (130, 258), (147, 99)
frame 111:(195, 260), (177, 268), (133, 242), (137, 172), (158, 76), (130, 258), (147, 99)
frame 112:(195, 260), (177, 268), (133, 242), (137, 172), (158, 77), (130, 258), (148, 99)
frame 113:(195, 260), (177, 268), (133, 242), (137, 172), (158, 77), (130, 258), (148, 100)
frame 114:(195, 260), (177, 268), (133, 243), (137, 172), (159, 77), (130, 258), (148, 100)
frame 115:(195, 260), (177, 268), (133, 243), (137, 172), (159, 77), (130, 258), (148, 100)
frame 116:(195, 260), (177, 268), (133, 243), (137, 172), (160, 77), (130, 258), (149, 100)
frame 117:(195, 260), (177, 268), (133, 243), (138, 172), (160, 77), (130, 258), (149, 100)
frame 118:(195, 260), (177, 268), (133, 243), (138, 172), (160, 77), (130, 258), (149, 100)
frame 119:(195, 260), (177, 268), (133, 243), (138, 172), (161, 77), (130, 258), (150, 100)
frame 120:(195, 260), (177, 268), (133, 243), (138, 172), (161, 77), (130, 258), (150, 100)
frame 121:(195, 260), (177, 268), (133, 243), (138, 172), (162, 77), (130, 258), (151, 100)
frame 122:(195, 260), (177, 269), (134, 242), (138, 172), (162, 77), (130, 258), (151, 100)
frame 123:(195, 260), (177, 268), (134, 242), (139, 172), (162, 77), (130, 258), (151, 100)
frame 124:(195, 260), (177, 269), (133, 242), (139, 172), (163, 77), (130, 258), (152, 100)
frame 125:(195, 260), (177, 268), (133, 242), (139, 172), (163, 77), (130, 258), (152, 100)
frame 126:(195, 260), (177, 268), (134, 242), (139, 172), (164, 77), (130, 257), (152, 100)
frame 127:(195, 260), (177, 268), (134, 242), (139, 172), (164, 77), (130, 257), (153, 100)
frame 128:(195, 260), (177, 268), (134, 242), (139, 172), (165, 77), (130, 257), (153, 100)
frame 129:(195, 260), (177, 268), (134, 242), (140, 172), (165, 77), (130, 257), (154, 100)
frame 130:(195, 260), (177, 268), (134, 242), (140, 172), (166, 77), (130, 257), (154, 100)
frame 131:(195, 260), (177, 268), (134, 242), (140, 172), (166, 77), (130, 257), (154, 100)
frame 132:(195, 260), (177, 268), (134, 242), (140, 172), (166, 77), (131, 257), (155, 100)
frame 133:(195, 260), (177, 268), (134, 242), (141, 172), (167, 78), (131, 257), (155, 100)
frame 134:(195, 260), (177, 268), (134, 242), (141, 172), (167, 77), (131, 257), (156, 100)
frame 135:(195, 260), (177, 268), (134, 241), (141, 172), (168, 77), (131, 257), (156, 100)
frame 136:(195, 260), (176, 269), (134, 241), (141, 172), (168, 78), (131, 257), (157, 100)
frame 137:(195, 260), (176, 269), (134, 241), (141, 172), (169, 78), (131, 256), (157, 100)
frame 138:(195, 260), (176, 269), (134, 242), (142, 172), (169, 78), (131, 256), (157, 100)
frame 139:(195, 260), (176, 269), (134, 241), (142, 172), (170, 78), (131, 256), (158, 100)
frame 140:(195, 260), (176, 269), (134, 241), (142, 172), (170, 78), (131, 256), (158, 100)
frame 141:(195, 260), (176, 269), (134, 241), (142, 172), (171, 78), (131, 256), (159, 100)
frame 142:(195, 260), (176, 269), (134, 241), (143, 172), (171, 78), (131, 256), (159, 100)
frame 143:(195, 260), (176, 269), (134, 241), (143, 172), (172, 78), (131, 256), (160, 100)
frame 144:(195, 260), (176, 269), (134, 241), (143, 172), (172, 78), (131, 256), (160, 100)
frame 145:(195, 260), (176, 269), (134, 241), (143, 172), (172, 78), (131, 256), (160, 100)
frame 146:(195, 260), (176, 269), (135, 241), (143, 172), (173, 78), (131, 256), (161, 100)
frame 147:(195, 260), (176, 269), (135, 240), (144, 171), (173, 78), (131, 255), (161, 100)
frame 148:(195, 261), (176, 269), (135, 240), (144, 171), (174, 78), (131, 255), (162, 100)
frame 149:(195, 261), (176, 269), (135, 240), (144, 171), (175, 78), (131, 255), (162, 100)
frame 150:(195, 261), (176, 269), (135, 240), (145, 171), (175, 78), (131, 255), (163, 100)
frame 151:(195, 261), (176, 269), (135, 240), (145, 171), (176, 78), (131, 255), (163, 100)
frame 152:(195, 261), (176, 269), (135, 240), (145, 171), (177, 79), (131, 255), (164, 100)
frame 153:(195, 261), (176, 269), (135, 240), (146, 171), (177, 78), (131, 255), (164, 100)
frame 154:(195, 261), (176, 269), (135, 240), (146, 171), (178, 78), (131, 254), (165, 100)
frame 155:(195, 261), (176, 269), (135, 239), (146, 171), (179, 78), (131, 254), (165, 100)
frame 156:(195, 261), (176, 269), (135, 239), (147, 170), (179, 79), (131, 254), (166, 100)
frame 157:(195, 261), (176, 269), (136, 239), (147, 170), (180, 78), (132, 254), (167, 100)
frame 158:(195, 261), (176, 269), (136, 239), (147, 170), (180, 78), (132, 253), (167, 100)
frame 159:(195, 261), (176, 269), (136, 239), (148, 170), (181, 78), (132, 253), (168, 100)
frame 160:(195, 261), (176, 269), (136, 239), (148, 170), (182, 78), (132, 253), (169, 100)
frame 161:(195, 261), (176, 269), (136, 238), (148, 170), (183, 78), (132, 253), (169, 100)
frame 162:(195, 261), (176, 269), (136, 238), (149, 170), (184, 78), (132, 252), (170, 100)
frame 163:(195, 261), (176, 269), (136, 238), (149, 169), (184, 78), (132, 252), (171, 99)
frame 164:(195, 261), (176, 269), (136, 237), (149, 169), (185, 78), (132, 252), (171, 99)
frame 165:(195, 261), (176, 268), (136, 237), (150, 169), (186, 78), (132, 251), (172, 99)
frame 166:(195, 261), (176, 268), (136, 237), (150, 168), (187, 78), (132, 251), (173, 99)
frame 167:(195, 261), (176, 268), (137, 236), (151, 168), (187, 78), (132, 251), (174, 99)
frame 168:(195, 261), (176, 268), (137, 236), (151, 168), (188, 78), (132, 250), (174, 99)
frame 169:(195, 261), (176, 268), (137, 236), (152, 168), (189, 77), (132, 250), (175, 99)
frame 170:(195, 261), (176, 268), (137, 235), (152, 167), (190, 78), (132, 249), (176, 99)
frame 171:(195, 261), (176, 268), (137, 235), (153, 167), (191, 77), (132, 249), (177, 98)
frame 172:(195, 261), (176, 268), (137, 235), (153, 167), (192, 77), (132, 249), (178, 98)
frame 173:(195, 260), (176, 268), (137, 234), (153, 166), (193, 77), (132, 248), (179, 98)
frame 174:(195, 260), (176, 268), (137, 234), (154, 166), (194, 77), (132, 248), (180, 98)
frame 175:(195, 260), (176, 268), (138, 234), (155, 166), (195, 77), (132, 247), (180, 98)
frame 176:(195, 260), (176, 268), (138, 233), (155, 165), (196, 77), (132, 247), (181, 97)
frame 177:(195, 260), (176, 268), (138, 233), (156, 165), (198, 77), (132, 246), (183, 97)
frame 178:(195, 261), (176, 268), (138, 232), (156, 165), (199, 76), (133, 246), (184, 97)
frame 179:(195, 261), (176, 268), (138, 232), (157, 164), (200, 76), (132, 245), (185, 97)
frame 180:(196, 261), (176, 267), (139, 231), (158, 164), (201, 76), (133, 245), (186, 97)
frame 181:(196, 261), (176, 267), (139, 230), (158, 163), (202, 76), (133, 244), (187, 97)
frame 182:(196, 261), (176, 267), (139, 230), (159, 163), (204, 76), (133, 243), (188, 96)
frame 183:(196, 261), (176, 267), (139, 229), (160, 162), (205, 76), (133, 243), (189, 96)
frame 184:(196, 261), (176, 267), (140, 229), (161, 162), (206, 76), (133, 242), (191, 96)
frame 185:(196, 261), (176, 267), (140, 228), (162, 162), (208, 75), (133, 241), (192, 96)
frame 186:(197, 261), (176, 267), (140, 228), (162, 161), (209, 75), (134, 241), (193, 95)
frame 187:(197, 261), (176, 267), (141, 227), (163, 161), (211, 75), (134, 240), (195, 95)
frame 188:(197, 262), (176, 267), (141, 226), (164, 160), (212, 75), (134, 239), (196, 95)
frame 189:(197, 262), (176, 266), (142, 226), (165, 159), (214, 74), (135, 238), (197, 94)
frame 190:(197, 262), (176, 266), (142, 225), (166, 159), (215, 74), (135, 237), (199, 94)
frame 191:(197, 263), (176, 266), (143, 224), (167, 158), (217, 74), (135, 237), (200, 94)
frame 192:(198, 263), (176, 266), (143, 224), (167, 158), (218, 74), (136, 236), (201, 93)
frame 193:(198, 263), (176, 266), (144, 223), (169, 157), (220, 74), (136, 235), (203, 93)
frame 194:(198, 263), (176, 266), (144, 222), (169, 157), (222, 73), (136, 234), (204, 93)
frame 195:(198, 264), (176, 265), (145, 222), (170, 156), (223, 73), (137, 234), (206, 92)
frame 196:(198, 264), (177, 265), (145, 221), (171, 155), (225, 73), (137, 232), (207, 92)
frame 197:(199, 264), (177, 265), (146, 220), (173, 155), (226, 73), (138, 231), (209, 92)
frame 198:(199, 264), (177, 265), (146, 219), (174, 154), (228, 73), (138, 231), (210, 92)
frame 199:(199, 265), (177, 265), (147, 219), (175, 154), (230, 73), (139, 230), (211, 91)
frame 200:(200, 265), (177, 265), (148, 218), (176, 153), (231, 73), (139, 229), (213, 91)
frame 201:(199, 265), (177, 265), (148, 217), (177, 153), (233, 72), (140, 228), (214, 91)
frame 202:(199, 265), (177, 265), (149, 217), (178, 152), (235, 72), (140, 227), (216, 90)
frame 203:(200, 265), (177, 265), (150, 216), (179, 151), (237, 72), (141, 226), (218, 90)
frame 204:(200, 265), (177, 265), (151, 215), (180, 150), (239, 72), (142, 225), (219, 90)
frame 205:(200, 265), (177, 266), (152, 214), (182, 150), (241, 72), (143, 224), (221, 89)
frame 206:(200, 265), (177, 265), (153, 213), (183, 149), (242, 71), (143, 223), (223, 89)
frame 207:(200, 265), (177, 265), (154, 213), (184, 148), (244, 71), (144, 222), (225, 89)
frame 208:(200, 265), (178, 265), (154, 212), (186, 148), (246, 71), (145, 221), (227, 88)
frame 209:(200, 265), (178, 265), (155, 211), (187, 147), (248, 71), (146, 220), (228, 88)
frame 210:(200, 265), (178, 265), (156, 210), (189, 147), (250, 71), (147, 219), (230, 88)
frame 211:(200, 265), (178, 264), (157, 209), (190, 146), (252, 71), (148, 218), (232, 88)
frame 212:(200, 265), (178, 264), (158, 209), (192, 145), (254, 71), (149, 217), (234, 88)
frame 213:(200, 265), (178, 264), (159, 208), (193, 145), (256, 71), (150, 215), (236, 87)
frame 214:(200, 265), (179, 263), (160, 207), (195, 144), (258, 70), (151, 214), (238, 87)
frame 215:(200, 264), (179, 263), (161, 206), (197, 143), (261, 70), (151, 213), (240, 87)
frame 216:(200, 264), (180, 262), (163, 205), (199, 143), (263, 70), (153, 211), (243, 87)
frame 217:(199, 263), (181, 261), (163, 203), (200, 142), (265, 70), (154, 210), (245, 86)
frame 218:(199, 263), (181, 261), (165, 202), (202, 141), (267, 70), (155, 209), (247, 86)
frame 219:(199, 263), (181, 260), (166, 201), (204, 140), (270, 70), (156, 207), (249, 86)
frame 220:(199, 262), (182, 259), (168, 200), (206, 139), (273, 70), (157, 206), (252, 86)
frame 221:(199, 262), (182, 258), (169, 200), (208, 139), (275, 70), (159, 204), (254, 85)
frame 222:(200, 261), (182, 257), (170, 198), (210, 138), (277, 70), (160, 203), (257, 85)
frame 223:(200, 260), (183, 256), (172, 197), (212, 137), (280, 70), (162, 202), (259, 85)
frame 224:(200, 260), (184, 255), (174, 196), (214, 137), (283, 70), (163, 200), (262, 85)
frame 225:(201, 259), (185, 253), (175, 195), (216, 136), (285, 69), (165, 199), (264, 84)
frame 226:(201, 258), (185, 252), (177, 194), (219, 136), (288, 69), (166, 197), (267, 84)
frame 227:(202, 258), (186, 251), (179, 193), (221, 135), (291, 69), (168, 196), (269, 84)
frame 228:(202, 257), (187, 250), (181, 192), (223, 134), (293, 69), (170, 195), (272, 83)
frame 229:(203, 256), (188, 249), (183, 191), (225, 134), (296, 69), (172, 193), (275, 83)
frame 230:(204, 256), (190, 248), (185, 190), (228, 133), (299, 69), (174, 192), (277, 83)
frame 231:(205, 255), (191, 247), (187, 189), (230, 132), (302, 69), (175, 191), (280, 83)
frame 232:(206, 254), (192, 246), (189, 188), (233, 132), (304, 68), (177, 190), (283, 82)
frame 233:(207, 254), (193, 245), (191, 187), (235, 131), (307, 68), (179, 188), (286, 82)
frame 234:(208, 253), (194, 244), (193, 186), (237, 131), (310, 68), (181, 187), (288, 82)
frame 235:(210, 252), (196, 243), (195, 185), (240, 130), (312, 68), (184, 186), (291, 81)
frame 236:(211, 251), (197, 242), (197, 184), (242, 130), (315, 68), (185, 185), (293, 81)
frame 237:(212, 251), (199, 241), (199, 184), (245, 130), (318, 67), (188, 184), (296, 81)
frame 238:(214, 250), (201, 240), (201, 183), (247, 129), (320, 67), (190, 184), (299, 81)
frame 239:(216, 250), (203, 240), (203, 182), (249, 129), (323, 67), (192, 183), (302, 81)
frame 240:(217, 249), (205, 239), (206, 182), (252, 128), (326, 66), (194, 183), (304, 80)
frame 241:(219, 249), (207, 239), (208, 181), (254, 128), (328, 66), (196, 183), (307, 80)
frame 242:(222, 248), (209, 238), (210, 181), (257, 128), (331, 66), (199, 182), (309, 80)
frame 243:(224, 248), (212, 238), (213, 181), (259, 127), (333, 66), (201, 182), (312, 79)
frame 244:(227, 248), (214, 238), (215, 180), (261, 127), (336, 65), (204, 182), (314, 79)
frame 245:(229, 248), (217, 237), (217, 180), (264, 127), (338, 65), (206, 182), (317, 79)
frame 246:(232, 248), (219, 237), (220, 180), (266, 127), (341, 65), (208, 183), (319, 79)
frame 247:(235, 248), (222, 237), (222, 180), (269, 127), (343, 65), (211, 183), (322, 78)
frame 248:(238, 248), (225, 237), (225, 181), (271, 127), (346, 64), (213, 183), (324, 78)
frame 249:(242, 248), (228, 237), (227, 181), (274, 127), (348, 64), (216, 184), (327, 78)
frame 250:(245, 248), (231, 237), (230, 181), (276, 127), (350, 64), (218, 184), (329, 78)
frame 251:(248, 248), (234, 238), (233, 182), (279, 127), (353, 64), (221, 185), (332, 78)
frame 252:(252, 249), (237, 238), (235, 182), (281, 127), (355, 63), (223, 186), (334, 78)
frame 253:(255, 249), (241, 239), (238, 183), (284, 128), (358, 63), (226, 187), (337, 78)
frame 254:(259, 249), (244, 240), (241, 184), (287, 128), (360, 63), (228, 188), (339, 78)
frame 255:(262, 250), (248, 241), (244, 185), (289, 128), (363, 63), (231, 189), (342, 78)
frame 256:(266, 250), (252, 241), (246, 185), (292, 129), (365, 63), (234, 191), (344, 78)
frame 257:(270, 251), (255, 242), (249, 186), (294, 129), (367, 63), (237, 192), (346, 78)
frame 258:(274, 252), (259, 243), (252, 187), (297, 130), (370, 62), (240, 193), (349, 78)
frame 259:(278, 252), (263, 244), (255, 189), (299, 130), (372, 62), (242, 194), (351, 78)
frame 260:(282, 252), (267, 245), (258, 190), (302, 131), (374, 62), (245, 196), (354, 78)
frame 261:(286, 253), (271, 246), (261, 191), (305, 131), (377, 62), (248, 197), (356, 78)
frame 262:(291, 254), (275, 247), (264, 192), (308, 132), (379, 62), (251, 199), (358, 78)
frame 263:(295, 255), (280, 248), (267, 194), (310, 133), (381, 62), (254, 200), (361, 78)
frame 264:(300, 256), (284, 249), (270, 195), (313, 134), (383, 62), (258, 202), (363, 79)
frame 265:(304, 256), (288, 250), (273, 196), (315, 135), (386, 62), (261, 204), (365, 79)
frame 266:(309, 257), (293, 251), (276, 198), (318, 136), (388, 62), (264, 206), (368, 79)
frame 267:(313, 258), (297, 252), (280, 199), (321, 137), (390, 62), (267, 208), (370, 79)
frame 268:(317, 259), (302, 254), (283, 201), (324, 138), (392, 62), (271, 210), (372, 79)
frame 269:(321, 260), (306, 255), (286, 202), (327, 139), (394, 62), (274, 212), (375, 80)
frame 270:(326, 260), (310, 256), (290, 204), (330, 140), (396, 62), (278, 214), (377, 80)
frame 271:(331, 261), (315, 257), (293, 205), (332, 141), (398, 62), (282, 216), (379, 80)
frame 272:(335, 262), (320, 259), (297, 207), (335, 142), (400, 62), (285, 218), (381, 81)
frame 273:(340, 263), (325, 260), (301, 209), (338, 143), (402, 62), (289, 220), (383, 81)
frame 274:(345, 264), (329, 261), (304, 211), (341, 144), (404, 62), (293, 222), (385, 81)
frame 275:(349, 264), (334, 262), (308, 213), (344, 145), (406, 62), (297, 224), (387, 82)
frame 276:(354, 265), (339, 263), (312, 214), (347, 146), (408, 63), (300, 226), (389, 82)
frame 277:(359, 266), (344, 264), (316, 216), (350, 147), (410, 63), (305, 228), (392, 83)
frame 278:(364, 267), (349, 266), (320, 218), (353, 149), (412, 63), (308, 230), (394, 83)
frame 279:(369, 268), (354, 267), (324, 220), (356, 150), (414, 63), (313, 232), (396, 84)
frame 280:(374, 269), (359, 268), (327, 222), (359, 151), (416, 63), (317, 234), (398, 84)
frame 281:(379, 269), (364, 269), (331, 223), (362, 152), (418, 63), (321, 237), (400, 85)
frame 282:(384, 270), (370, 271), (335, 225), (365, 153), (419, 63), (325, 238), (402, 85)
frame 283:(390, 271), (375, 271), (339, 227), (368, 155), (421, 64), (329, 241), (404, 85)
frame 284:(395, 271), (380, 273), (344, 228), (372, 156), (423, 64), (334, 243), (406, 86)
frame 285:(400, 272), (386, 274), (348, 230), (375, 157), (424, 64), (339, 245), (408, 86)
frame 286:(405, 273), (391, 275), (352, 232), (378, 158), (426, 65), (343, 247), (410, 87)
frame 287:(411, 273), (397, 276), (356, 234), (381, 159), (427, 65), (347, 249), (412, 87)
frame 288:(416, 274), (403, 277), (360, 235), (384, 160), (429, 65), (352, 250), (414, 88)
frame 289:(421, 275), (408, 278), (365, 236), (387, 161), (430, 65), (357, 252), (416, 88)
frame 290:(426, 275), (414, 279), (369, 238), (390, 162), (432, 65), (361, 254), (417, 89)
frame 291:(432, 276), (420, 279), (374, 240), (393, 163), (433, 65), (366, 256), (419, 89)
frame 292:(437, 276), (425, 280), (378, 241), (397, 164), (435, 66), (371, 257), (421, 89)
frame 293:(443, 276), (431, 281), (383, 242), (400, 165), (436, 66), (376, 259), (423, 90)
frame 294:(448, 276), (436, 282), (387, 244), (403, 166), (437, 66), (381, 260), (424, 90)
frame 295:(453, 277), (442, 282), (391, 245), (406, 167), (439, 66), (386, 262), (426, 91)
frame 296:(458, 277), (447, 283), (396, 246), (410, 168), (440, 67), (390, 263), (427, 91)
frame 297:(464, 277), (453, 283), (401, 247), (412, 168), (441, 67), (395, 264), (429, 92)
frame 298:(469, 278), (458, 283), (405, 248), (416, 169), (442, 67), (400, 265), (431, 92)
frame 299:(474, 277), (464, 284), (410, 249), (419, 170), (443, 68), (405, 266), (433, 93)
frame 300:(479, 277), (470, 284), (414, 250), (422, 171), (445, 68), (410, 268), (434, 93)
frame 301:(484, 277), (475, 284), (419, 251), (425, 172), (446, 68), (415, 269), (436, 94)
frame 302:(489, 277), (480, 284), (423, 251), (428, 172), (447, 68), (420, 269), (437, 94)
frame 303:(495, 277), (486, 284), (428, 252), (431, 173), (448, 69), (424, 270), (439, 94)
frame 304:(500, 277), (491, 284), (433, 253), (434, 173), (449, 69), (429, 271), (440, 95)
frame 305:(504, 276), (496, 284), (437, 253), (438, 174), (450, 69), (434, 272), (442, 95)
frame 306:(509, 276), (501, 284), (441, 254), (441, 174), (451, 69), (439, 272), (443, 95)
frame 307:(515, 275), (507, 284), (445, 254), (444, 175), (452, 70), (443, 273), (444, 96)
frame 308:(519, 275), (512, 283), (450, 254), (447, 175), (453, 70), (448, 273), (446, 96)
frame 309:(524, 274), (517, 283), (454, 255), (450, 175), (454, 70), (453, 274), (447, 97)
frame 310:(529, 273), (522, 283), (459, 255), (452, 176), (455, 71), (457, 274), (449, 97)
frame 311:(533, 273), (527, 282), (463, 255), (455, 176), (455, 71), (462, 274), (450, 97)
frame 312:(538, 272), (532, 282), (467, 256), (458, 176), (456, 71), (466, 274), (451, 97)
frame 313:(543, 271), (537, 281), (471, 256), (461, 176), (457, 71), (471, 275), (453, 98)
frame 314:(546, 271), (542, 280), (475, 256), (463, 176), (458, 72), (475, 275), (454, 98)
frame 315:(551, 270), (546, 280), (479, 256), (466, 176), (459, 72), (479, 275), (455, 98)
frame 316:(555, 269), (550, 279), (483, 256), (469, 176), (460, 72), (483, 275), (457, 99)
frame 317:(559, 268), (554, 278), (487, 255), (471, 176), (461, 73), (487, 275), (458, 99)
frame 318:(562, 268), (558, 278), (490, 255), (473, 176), (463, 73), (491, 275), (459, 99)
frame 319:(565, 267), (562, 277), (493, 255), (476, 176), (464, 73), (495, 275), (461, 99)
frame 320:(569, 266), (565, 277), (497, 255), (478, 176), (465, 73), (498, 275), (462, 99)
frame 321:(572, 266), (568, 276), (499, 255), (480, 176), (466, 74), (501, 275), (464, 100)
frame 322:(575, 266), (571, 276), (502, 255), (482, 177), (468, 74), (504, 275), (465, 100)
frame 323:(577, 265), (573, 276), (504, 255), (484, 177), (470, 74), (506, 275), (467, 100)
frame 324:(580, 266), (575, 276), (506, 255), (486, 177), (471, 74), (508, 275), (469, 100)
frame 325:(582, 266), (577, 276), (508, 255), (488, 177), (473, 74), (510, 275), (471, 100)
frame 326:(583, 266), (579, 277), (510, 256), (490, 177), (475, 74), (512, 275), (473, 100)
frame 327:(584, 267), (580, 277), (511, 256), (492, 178), (477, 74), (513, 276), (474, 101)
frame 328:(585, 268), (581, 278), (512, 256), (493, 177), (479, 75), (514, 276), (476, 101)
frame 329:(587, 268), (582, 278), (514, 256), (495, 178), (481, 75), (515, 276), (478, 101)
frame 330:(588, 269), (583, 279), (515, 257), (496, 178), (483, 75), (516, 276), (480, 101)
frame 331:(588, 270), (584, 280), (515, 257), (497, 178), (485, 75), (516, 276), (481, 101)
frame 332:(589, 271), (584, 281), (516, 257), (499, 179), (486, 75), (517, 277), (483, 101)
frame 333:(590, 272), (585, 282), (517, 258), (499, 179), (488, 75), (517, 277), (485, 102)
frame 334:(590, 272), (585, 282), (517, 258), (500, 179), (489, 76), (518, 277), (486, 102)
frame 335:(591, 274), (585, 283), (518, 258), (502, 180), (491, 76), (518, 277), (487, 102)
frame 336:(591, 275), (586, 284), (518, 259), (503, 180), (492, 76), (518, 278), (489, 102)
frame 337:(592, 275), (586, 285), (519, 259), (503, 180), (494, 76), (518, 278), (490, 103)
frame 338:(592, 276), (586, 286), (519, 259), (504, 181), (495, 76), (518, 278), (491, 103)
frame 339:(592, 277), (586, 286), (519, 260), (505, 181), (497, 77), (518, 279), (492, 103)
frame 340:(592, 278), (586, 287), (519, 260), (505, 181), (498, 77), (518, 279), (493, 104)
frame 341:(592, 279), (586, 288), (519, 260), (506, 182), (499, 77), (518, 279), (495, 104)
frame 342:(592, 280), (586, 289), (519, 261), (507, 182), (500, 78), (518, 279), (496, 104)
frame 343:(592, 281), (586, 290), (519, 261), (507, 183), (501, 78), (518, 280), (497, 104)
frame 344:(591, 282), (586, 290), (519, 262), (508, 183), (502, 78), (518, 280), (498, 105)
frame 345:(591, 283), (586, 291), (519, 262), (508, 183), (503, 79), (518, 280), (499, 105)
frame 346:(591, 284), (588, 292), (519, 263), (509, 184), (505, 79), (518, 281), (500, 105)
frame 347:(591, 285), (588, 292), (520, 263), (509, 184), (506, 79), (518, 281), (501, 106)
frame 348:(592, 285), (589, 293), (520, 263), (510, 184), (507, 80), (518, 281), (501, 106)
frame 349:(592, 286), (589, 293), (521, 263), (510, 185), (508, 80), (518, 281), (502, 106)
frame 350:(593, 286), (589, 293), (521, 263), (511, 185), (508, 80), (519, 281), (503, 107)
frame 351:(594, 287), (589, 294), (522, 263), (512, 185), (509, 80), (519, 281), (504, 107)
frame 352:(595, 287), (590, 294), (523, 263), (513, 185), (510, 80), (520, 281), (505, 107)
frame 353:(595, 287), (590, 294), (524, 263), (513, 185), (511, 80), (520, 281), (506, 107)
frame 354:(596, 287), (590, 294), (524, 263), (514, 185), (512, 80), (520, 280), (507, 107)
frame 355:(596, 287), (590, 294), (524, 263), (516, 185), (513, 80), (520, 280), (508, 107)
frame 356:(596, 288), (590, 294), (524, 263), (516, 185), (514, 80), (520, 280), (509, 107)
frame 357:(596, 287), (590, 294), (524, 263), (517, 185), (515, 80), (520, 280), (510, 107)
frame 358:(596, 287), (590, 294), (524, 263), (518, 185), (517, 80), (520, 280), (511, 106)
frame 359:(596, 287), (590, 294), (524, 263), (519, 185), (518, 79), (520, 280), (513, 106)
frame 360:(596, 287), (590, 294), (524, 263), (519, 185), (519, 79), (520, 280), (514, 106)
frame 361:(596, 287), (590, 294), (524, 263), (520, 185), (520, 79), (520, 280), (514, 106)
frame 362:(596, 287), (590, 294), (524, 263), (520, 185), (521, 79), (520, 280), (515, 105)
frame 363:(596, 287), (590, 294), (524, 263), (520, 185), (522, 78), (520, 281), (516, 105)
frame 364:(596, 287), (590, 294), (524, 263), (521, 185), (523, 78), (520, 281), (516, 105)
frame 365:(596, 287), (590, 294), (524, 263), (521, 185), (524, 78), (520, 281), (517, 105)
frame 366:(596, 287), (590, 294), (524, 263), (521, 185), (524, 78), (520, 281), (517, 105)
frame 367:(596, 287), (590, 294), (524, 263), (521, 185), (525, 78), (520, 281), (518, 105)
frame 368:(596, 287), (590, 294), (524, 263), (521, 185), (526, 78), (520, 281), (518, 105)
frame 369:(596, 287), (590, 294), (524, 263), (521, 185), (527, 78), (520, 281), (519, 105)
frame 370:(596, 287), (590, 294), (524, 263), (521, 185), (527, 78), (520, 281), (519, 105)
frame 371:(596, 287), (590, 294), (524, 263), (521, 185), (528, 78), (520, 281), (520, 104)
frame 372:(596, 287), (590, 294), (524, 263), (521, 185), (529, 77), (520, 281), (520, 104)
frame 373:(596, 287), (590, 294), (524, 263), (522, 184), (529, 77), (519, 281), (521, 104)
frame 374:(596, 287), (590, 294), (524, 263), (522, 185), (530, 77), (519, 281), (521, 104)
frame 375:(596, 287), (590, 294), (524, 263), (522, 184), (531, 77), (519, 281), (522, 104)
frame 376:(596, 287), (590, 294), (524, 263), (523, 184), (531, 77), (519, 281), (523, 104)
frame 377:(596, 287), (590, 294), (524, 263), (523, 184), (532, 77), (519, 281), (523, 104)
frame 378:(596, 287), (590, 294), (524, 263), (524, 184), (533, 77), (519, 281), (524, 104)
frame 379:(595, 287), (590, 294), (524, 263), (524, 184), (533, 77), (519, 281), (525, 104)
frame 380:(595, 287), (590, 294), (524, 263), (524, 184), (534, 77), (519, 281), (525, 104)
frame 381:(595, 287), (590, 294), (524, 264), (525, 185), (535, 77), (519, 281), (526, 104)
frame 382:(595, 287), (590, 294), (524, 264), (525, 185), (535, 77), (519, 281), (527, 104)
frame 383:(595, 287), (590, 294), (524, 264), (525, 185), (536, 77), (519, 281), (527, 104)
frame 384:(595, 287), (590, 294), (524, 263), (526, 185), (537, 77), (519, 281), (528, 104)
frame 385:(596, 287), (590, 294), (524, 264), (526, 185), (538, 77), (519, 281), (529, 104)
frame 386:(596, 287), (590, 294), (524, 264), (526, 185), (538, 77), (519, 281), (529, 104)
frame 387:(596, 287), (590, 294), (524, 264), (526, 185), (539, 77), (519, 281), (530, 104)
frame 388:(595, 287), (590, 294), (524, 264), (527, 185), (540, 77), (519, 281), (530, 104)
frame 389:(595, 287), (590, 294), (525, 264), (527, 185), (541, 77), (519, 281), (531, 104)
frame 390:(596, 287), (590, 294), (525, 264), (528, 185), (541, 77), (519, 281), (532, 104)
frame 391:(596, 287), (590, 294), (524, 264), (528, 185), (542, 78), (519, 281), (532, 104)
frame 392:(596, 287), (590, 294), (524, 264), (528, 186), (543, 78), (519, 281), (533, 104)
frame 393:(596, 287), (590, 294), (524, 264), (529, 186), (544, 78), (519, 281), (534, 104)
frame 394:(595, 287), (590, 294), (525, 264), (529, 186), (545, 78), (519, 281), (535, 104)
frame 395:(595, 287), (590, 294), (525, 264), (530, 186), (545, 78), (519, 281), (535, 104)
frame 396:(596, 288), (590, 294), (525, 264), (530, 186), (546, 78), (519, 281), (536, 104)
frame 397:(596, 288), (590, 294), (525, 264), (530, 186), (547, 78), (519, 281), (537, 104)
frame 398:(596, 288), (590, 294), (525, 264), (531, 186), (548, 78), (519, 281), (538, 104)
frame 399:(596, 288), (590, 294), (525, 264), (531, 186), (549, 78), (519, 281), (538, 104)
frame 400:(596, 288), (590, 294), (525, 264), (532, 186), (549, 78), (519, 281), (539, 104)
frame 401:(596, 288), (590, 294), (525, 264), (532, 186), (550, 78), (519, 282), (540, 105)
frame 402:(596, 288), (590, 295), (525, 264), (533, 186), (551, 78), (519, 282), (541, 105)
frame 403:(596, 288), (590, 295), (525, 264), (533, 186), (552, 78), (519, 282), (541, 105)
frame 404:(596, 288), (590, 294), (525, 264), (533, 186), (553, 78), (519, 282), (542, 105)
frame 405:(596, 288), (590, 294), (525, 264), (534, 186), (554, 78), (519, 282), (543, 105)
frame 406:(596, 288), (590, 294), (525, 264), (534, 186), (554, 78), (519, 282), (543, 105)
frame 407:(596, 288), (590, 294), (525, 264), (534, 186), (555, 78), (519, 282), (544, 105)
frame 408:(596, 288), (590, 294), (525, 264), (535, 186), (556, 78), (519, 282), (545, 105)
frame 409:(596, 288), (590, 294), (525, 264), (535, 186), (557, 78), (519, 282), (545, 105)
frame 410:(596, 288), (590, 294), (525, 264), (535, 187), (558, 78), (519, 282), (546, 105)
frame 411:(596, 288), (590, 294), (525, 264), (536, 186), (558, 78), (519, 282), (547, 105)
frame 412:(596, 288), (590, 294), (525, 264), (536, 186), (559, 78), (519, 282), (547, 105)
frame 413:(596, 288), (590, 294), (525, 264), (536, 187), (560, 78), (519, 282), (548, 105)
frame 414:(596, 288), (590, 294), (525, 264), (537, 187), (560, 78), (519, 282), (549, 105)
frame 415:(596, 288), (590, 295), (525, 264), (537, 187), (561, 78), (519, 282), (549, 105)
frame 416:(596, 288), (590, 295), (525, 264), (537, 187), (561, 78), (519, 282), (550, 105)
frame 417:(596, 288), (590, 295), (525, 264), (537, 187), (562, 78), (519, 282), (550, 105)
frame 418:(596, 288), (590, 295), (525, 264), (538, 187), (563, 78), (519, 282), (550, 105)
frame 419:(596, 288), (590, 295), (525, 264), (538, 187), (563, 79), (519, 282), (551, 105)
frame 420:(596, 288), (590, 295), (525, 264), (538, 187), (563, 79), (519, 282), (552, 105)
frame 421:(596, 288), (590, 295), (525, 264), (538, 187), (564, 78), (519, 281), (552, 105)
frame 422:(596, 288), (590, 295), (525, 264), (538, 187), (564, 79), (519, 281), (552, 105)
frame 423:(596, 288), (590, 295), (525, 264), (539, 187), (565, 78), (519, 281), (553, 105)
frame 424:(596, 288), (590, 294), (525, 264), (539, 187), (565, 79), (519, 281), (553, 105)
frame 425:(596, 288), (590, 294), (525, 264), (539, 186), (566, 79), (519, 281), (553, 105)
frame 426:(596, 288), (590, 295), (525, 264), (539, 187), (566, 79), (519, 281), (554, 105)
frame 427:(596, 288), (590, 295), (525, 264), (539, 187), (566, 79), (519, 281), (554, 105)
frame 428:(596, 288), (590, 295), (525, 264), (539, 187), (566, 79), (519, 281), (554, 105)
frame 429:(596, 288), (590, 295), (525, 264), (539, 187), (567, 79), (519, 281), (554, 105)
frame 430:(596, 288), (590, 295), (525, 264), (539, 187), (567, 79), (519, 281), (555, 105)
frame 431:(595, 288), (590, 295), (525, 264), (540, 187), (567, 79), (519, 281), (555, 105)
frame 432:(596, 288), (590, 295), (525, 264), (540, 187), (568, 79), (519, 281), (555, 105)
frame 433:(596, 288), (590, 295), (525, 264), (540, 187), (568, 79), (519, 281), (555, 105)
frame 434:(596, 288), (590, 295), (525, 264), (540, 186), (568, 79), (519, 281), (556, 105)
frame 435:(596, 288), (590, 295), (525, 264), (540, 186), (569, 79), (519, 281), (556, 105)
frame 436:(596, 288), (590, 295), (525, 264), (540, 186), (569, 79), (519, 281), (556, 105)
frame 437:(596, 288), (590, 295), (525, 264), (540, 186), (569, 79), (519, 281), (557, 105)
frame 438:(596, 288), (590, 295), (525, 264), (540, 186), (570, 79), (519, 282), (557, 105)
frame 439:(596, 288), (590, 295), (525, 264), (540, 186), (570, 79), (519, 282), (557, 105)
frame 440:(596, 288), (590, 295), (525, 264), (541, 186), (570, 79), (519, 282), (557, 105)
frame 441:(596, 288), (590, 295), (525, 264), (541, 186), (571, 79), (519, 282), (557, 105)
frame 442:(596, 288), (590, 295), (525, 264), (541, 186), (571, 79), (519, 282), (558, 105)
frame 443:(596, 288), (590, 295), (525, 264), (541, 186), (571, 79), (519, 282), (558, 105)
frame 444:(596, 288), (590, 295), (525, 265), (541, 186), (572, 79), (519, 282), (559, 105)
frame 445:(596, 288), (590, 295), (525, 264), (541, 186), (572, 79), (519, 282), (559, 106)
frame 446:(596, 288), (589, 295), (525, 264), (541, 187), (572, 79), (519, 282), (559, 106)
frame 447:(595, 288), (589, 295), (525, 264), (541, 186), (573, 79), (519, 282), (559, 106)
frame 448:(596, 288), (590, 295), (525, 264), (542, 186), (573, 79), (519, 281), (560, 106)
frame 449:(596, 288), (590, 295), (525, 264), (542, 187), (573, 79), (519, 281), (560, 106)
frame 450:(595, 288), (590, 295), (525, 264), (542, 187), (574, 80), (519, 281), (560, 106)
frame 451:(595, 288), (590, 295), (525, 264), (542, 187), (574, 80), (519, 281), (561, 106)
frame 452:(595, 288), (590, 295), (525, 264), (542, 187), (574, 80), (519, 281), (561, 106)
frame 453:(595, 288), (590, 295), (525, 264), (542, 187), (575, 80), (519, 281), (561, 106)
frame 454:(596, 288), (590, 295), (525, 264), (542, 187), (575, 80), (519, 282), (561, 106)
frame 455:(596, 288), (590, 295), (525, 264), (542, 187), (575, 80), (519, 282), (562, 106)
frame 456:(595, 288), (590, 295), (525, 264), (543, 187), (576, 80), (519, 282), (562, 106)
frame 457:(595, 288), (590, 295), (525, 264), (543, 187), (576, 80), (519, 281), (562, 106)
frame 458:(595, 288), (590, 295), (525, 264), (543, 187), (577, 80), (519, 282), (563, 106)
frame 459:(595, 288), (590, 295), (525, 264), (543, 187), (577, 80), (519, 281), (563, 106)
frame 460:(595, 288), (590, 295), (525, 264), (543, 187), (577, 80), (519, 281), (563, 106)
frame 461:(595, 288), (590, 295), (525, 264), (543, 187), (577, 80), (519, 281), (563, 106)
frame 462:(595, 288), (590, 295), (525, 264), (543, 187), (578, 80), (519, 281), (564, 106)
frame 463:(595, 288), (590, 295), (525, 264), (543, 186), (578, 80), (519, 281), (564, 106)
frame 464:(595, 288), (590, 295), (525, 264), (543, 187), (579, 80), (519, 281), (564, 106)
frame 465:(595, 288), (590, 295), (525, 264), (543, 187), (579, 80), (519, 281), (565, 106)
frame 466:(595, 288), (590, 295), (525, 264), (544, 187), (579, 80), (519, 281), (565, 106)
frame 467:(595, 289), (590, 295), (525, 264), (544, 187), (580, 80), (519, 281), (566, 106)
frame 468:(595, 289), (590, 295), (525, 264), (544, 187), (580, 80), (519, 281), (566, 106)
frame 469:(595, 289), (590, 295), (525, 264), (544, 187), (581, 80), (519, 281), (566, 106)
frame 470:(595, 289), (590, 295), (525, 264), (544, 187), (581, 80), (519, 281), (567, 106)
frame 471:(595, 289), (590, 295), (525, 264), (545, 187), (582, 80), (519, 281), (567, 106)
frame 472:(595, 289), (590, 295), (525, 264), (545, 187), (582, 80), (519, 281), (568, 106)
frame 473:(595, 289), (590, 295), (525, 264), (545, 187), (583, 80), (519, 281), (568, 106)
frame 474:(595, 289), (590, 295), (525, 264), (545, 187), (583, 81), (519, 281), (569, 106)
frame 475:(595, 289), (590, 296), (525, 264), (546, 187), (584, 81), (519, 281), (569, 106)
frame 476:(595, 289), (590, 296), (525, 264), (546, 187), (585, 81), (519, 281), (570, 106)
frame 477:(595, 289), (590, 296), (525, 264), (546, 187), (585, 81), (519, 281), (570, 107)
frame 478:(595, 289), (590, 296), (525, 264), (546, 187), (586, 81), (519, 281), (571, 107)
frame 479:(595, 289), (590, 296), (525, 264), (547, 187), (586, 81), (519, 281), (571, 107)
